2201.03319
2201.07785
2201.11795
2202.00198
2202.00719
2202.02527
2202.04147
2202.06533
2202.08650
2202.10572
2202.11138
2202.13668
2203.01765
2203.02202
2203.03553
2203.04963
2203.05822
2203.05890
2203.06784
2203.12467
2203.16357
2204.00884
2204.05043
2204.09055
2204.10587
2201.00742
2201.01586
2201.02420
2201.02693
2201.03481
2201.07432
2201.09347
2201.10912
2201.10929
2201.12904
2202.00172
2202.01597
2202.01932
2202.04365
2202.07513
2202.07801
2202.07873
2202.09081
2202.10837
2202.11157
2202.13209
2202.13862
2203.01099
2203.01978
2203.05127
2203.06055
2203.06411
2203.07332
2203.07925
2203.08450
2203.08875
2203.08965
2203.09208
2203.10897
2203.13467
2203.14214
2203.16407
2203.16603
2204.00832
2204.01023
2204.03947
2204.04005
2204.04059
2204.06913
2204.07790
2204.08965
2204.08966
2204.09724
2204.09997
2204.10151
2204.10302
2204.10985
2204.11409
2204.11448
2204.11723
2204.12022
2204.12684
2204.13952
2205.01135
2205.02367
2205.03587
2205.03599
2205.05144
2205.05823
2205.06511
2205.06754
2205.07030
2205.07062
2205.10501
2205.15941
2206.00299
2206.02221
2206.03468
2206.04328
2206.05433
2206.05889
2206.07281
2206.07628
2206.07859
2206.08019
2206.09155
2206.10083
2206.10131
2206.11599
2206.12186
2206.12232
2206.13356
2206.13419
2206.13613
2207.04090
2207.04825
2207.05891
2207.05894
2207.07370
2207.09956
2207.11628
2207.12554
2207.12746
2207.13070
2207.13344
2207.13530
2207.14168
2207.14524
2208.00422
2208.00836
2208.02519
2208.02716
2208.03049
2208.03754
2208.04303
2208.05010
2208.07639
2208.08061
2208.11150
2208.12361
2208.12573
2208.13056
2208.13596
2208.13817
2208.14836
2209.00054
2209.01355
2209.02226
2209.02574
2209.03177
2209.03353
2209.04401
2209.04448
2209.05054
2209.05771
2209.06269
2209.06950
2209.07232
2209.08276
2209.09244
2209.09408
2209.09455
2209.10211
2209.10266
2209.10353
2209.11694
2209.12512
2209.15180
2209.15405
2210.00618
2210.02100
2210.03513
2210.04188
2210.05339
2210.06478
2210.07425
2210.07462
2210.08262
2210.11483
2210.12535
2210.13292
2210.14000
2210.14308
2210.16741
2211.00645
2211.00918
2211.01472
2211.01885
2211.02854
2211.03792
2211.04104
2211.04535
2211.05302
2211.05962
2211.06725
2211.07273
2211.07793
2211.08428
2211.10311
2211.10646
2211.10916
2211.12979
2211.14859
2211.15950
2212.01185
2212.02672
2212.05466
2212.05589
2212.07372
2212.10507
2212.10674
2212.10897
2212.11017
2212.11278
2212.12428
2212.13824
2301.00245
2301.00308
2301.00706
2301.01009
2301.01290
2301.04117
2301.04183
2301.04458
2301.04651
2301.05434
2301.05489
2301.06115
2301.06190
2301.06496
2301.09277
2301.09776
2301.09799
2301.09950
2301.10185
2301.10455
2301.12165
2301.12888
2302.01011
2302.03156
2302.04796
2302.05071
2302.05648
2302.06062
2302.06096
2302.06167
2302.06293
2302.08638
2302.08899
2302.09263
2302.10254
2302.11769
2302.13207
2302.13560
2302.13580
2302.13636
2303.00334
2303.01674
2303.02959
2303.02979
2303.05121
2303.05132
2303.05715
2303.05744
2303.05962
2303.06254
2303.06517
2303.06519
2303.06988
2303.09112
2303.09523
2303.11287
2303.11473
2303.11551
2303.11565
2303.11599
2303.11857
2303.12573
2303.12809
2303.12917
2303.13764
2303.13900
2303.14066
2303.14978
2303.14993
2303.15065
2303.15221
2303.16163
2304.00548
2304.00640
2304.01064
2304.01441
2304.02690
2304.02713
2304.04106
2304.05623
2304.06244
2304.07056
2304.08634
2304.08963
2304.10479
2304.12319
2304.12852
2305.01611
2305.02462
2305.02562
2305.03542
2305.03627
2305.05196
2305.05356
2305.07783
2305.10000
2305.10453
