2201.00742
2201.00791
2201.01683
2201.01953
2201.02107
2201.02420
2201.02533
2201.02610
2201.02698
2201.03319
2201.03481
2201.04123
2201.04127
2201.04168
2201.06263
2201.06526
2201.07432
2201.07495
2201.07559
2201.07785
2201.07927
2201.08093
2201.08158
2201.08266
2201.08763
2201.08845
2201.09347
2201.09658
2201.10912
2201.11192
2201.11795
2201.12204
2201.13042
2202.00011
2202.00181
2202.01597
2202.01821
2202.01932
2202.02489
2202.02527
2202.04879
2202.05263
2202.06088
2202.06300
2202.07320
2202.07801
2202.07817
2202.07824
2202.07873
2202.08418
2202.08650
2202.10322
2202.10572
2202.11138
2202.11157
2202.11891
2202.13162
2202.13668
2203.01247
2203.01577
2203.01913
2203.01978
2203.02202
2203.03334
2203.03664
2203.04130
2203.04358
2203.04463
2203.05789
2203.05822
2203.06055
2203.06411
2203.06784
2203.07332
2203.07862
2203.07925
2203.07931
2203.07973
2203.08133
2203.08765
2203.08964
2203.08965
2203.09088
2203.09957
2203.10157
2203.10194
2203.11078
2203.11447
2203.11832
2203.12976
2203.13458
2203.14214
2203.14478
2203.14698
2203.14939
2203.15798
2203.16202
2203.16407
2203.16603
2203.16626
2203.16681
2203.16875
2203.16985
2203.17261
2204.00656
2204.00832
2204.00840
2204.00884
2204.00928
2204.01943
2204.02033
2204.02325
2204.02445
2204.02569
2204.02825
2204.03245
2204.03947
2204.03962
2204.04005
2204.04142
2204.05735
2204.06913
2204.07052
2204.07243
2204.07969
2204.08755
2204.09724
2204.09967
2204.09997
2204.10302
2204.10477
2204.10549
2204.10587
2204.10850
2204.10993
2204.11184
2204.11798
2204.12022
2204.12684
2204.13637
2204.13696
2204.14109
2205.02367
2205.04160
2205.04978
2205.05144
2205.05823
2205.05869
2205.06254
2205.06779
2205.06934
2205.07030
2205.07058
2205.08659
2205.09343
2205.09779
2205.10501
2205.11948
2205.13129
2205.14328
2205.14330
2205.14332
2205.15553
2205.15557
2205.15585
2205.15595
2205.15723
2205.15768
2205.15941
2206.00299
2206.01724
2206.02221
2206.03380
2206.04318
2206.04645
2206.04901
2206.05375
2206.05426
2206.05433
2206.06056
2206.06481
2206.07281
2206.07628
2206.07698
2206.07859
2206.08355
2206.08368
2206.08428
2206.09155
2206.09796
2206.10131
2206.11896
2206.11920
2206.11952
2206.12186
2206.12762
2206.13112
2206.13419
2206.13996
2206.14938
2206.15109
2207.00974
2207.00993
2207.01164
2207.02031
2207.02363
2207.02431
2207.02621
2207.04465
2207.05053
2207.05736
2207.06168
2207.06673
2207.07370
2207.07621
2207.09193
2207.09735
2207.09835
2207.09956
2207.10312
2207.10368
2207.10662
2207.11243
2207.11406
2207.11757
2207.11770
2207.12746
2207.13344
2207.14042
2207.14096
2207.14455
2207.14741
2208.00164
2208.00561
2208.00571
2208.00836
2208.00949
2208.02519
2208.04611
2208.04717
2208.05751
2208.05963
2208.06804
2208.08047
2208.08061
2208.08728
2208.09823
2208.10211
2208.10607
2208.10738
2208.10781
2208.10922
2208.11251
2208.12361
2208.13596
2208.13817
2208.14836
2208.14851
2209.00054
2209.00065
2209.01194
2209.01320
2209.02200
2209.02226
2209.02564
2209.03177
2209.03694
2209.03726
2209.03910
2209.04061
2209.05277
2209.05761
2209.05771
2209.06269
2209.06950
2209.07232
2209.07366
2209.08546
2209.08956
2209.09209
2209.09455
2209.10399
2209.10507
2209.10529
2209.11299
2209.13433
2209.13801
2209.13906
2209.14426
2209.14819
2209.15455
2209.15475
2209.15557
2209.15637
2210.00183
2210.00379
2210.00618
2210.00647
2210.01264
2210.01447
2210.01548
2210.01588
2210.01651
2210.01868
2210.02100
2210.02311
2210.03513
2210.04158
2210.04214
2210.04218
2210.04574
2210.04671
2210.04868
2210.04888
2210.04932
2210.05135
2210.05339
2210.05665
2210.06478
2210.06742
2210.06941
2210.06961
2210.07181
2210.07301
2210.07425
2210.07462
2210.08262
2210.08398
2210.08535
2210.08936
2210.10036
2210.11170
2210.11483
2210.11545
2210.12003
2210.12268
2210.12535
2210.13041
2210.13292
2210.13923
2210.14000
2210.14295
2210.15972
2210.16107
2210.16776
2211.00166
2211.00645
2211.01885
2211.02111
2211.02386
2211.02750
2211.02784
2211.03792
2211.03889
2211.05302
2211.05636
2211.05962
2211.06725
2211.07793
2211.08296
2211.10311
2211.10646
2211.11082
2211.11215
2211.11505
2211.11734
2211.11738
2211.11832
2211.11903
2211.12046
2211.12145
2211.12254
2211.12436
2211.12499
2211.12853
2211.12979
2211.13126
2211.13206
2211.13357
2211.13494
2211.14086
2211.14108
2211.14501
2211.14589
2211.14651
2211.14799
2211.14859
2211.15064
2211.15479
2211.15601
2211.15692
2211.15788
2211.15950
2211.16211
2211.16342
2211.16630
2211.16988
2212.00787
2212.01260
2212.01331
2212.01368
2212.02280
2212.02375
2212.02469
2212.02501
2212.02672
2212.03237
2212.03635
2212.04074
2212.04247
2212.04701
2212.05589
2212.06506
2212.07039
2212.07422
2212.07527
2212.07648
2212.08057
2212.08067
2212.08070
2212.08216
2212.08476
2212.08825
2212.09100
2212.10507
2212.10699
2212.10950
2212.11017
2212.11278
2212.11966
2212.12327
2212.12428
2212.13136
2212.13691
2212.13824
2301.00023
2301.00245
2301.00363
2301.00411
2301.00593
2301.00706
2301.01069
2301.01118
2301.02379
2301.04061
2301.04075
2301.04089
2301.04458
2301.04651
2301.05187
2301.05211
2301.05434
2301.05489
2301.05747
2301.06059
2301.06084
2301.06143
2301.06190
2301.06496
2301.06782
2301.07525
2301.07668
2301.07681
2301.08556
2301.09277
2301.09460
2301.09632
2301.09950
2301.10093
2301.10185
2301.10455
2301.10922
2301.12058
2301.12888
2301.12891
2302.01532
2302.01571
2302.01585
2302.03156
2302.03397
2302.04871
2302.05286
2302.05648
2302.06062
2302.06175
2302.06468
2302.07909
2302.08504
2302.08638
2302.08788
2302.10109
2302.10254
2302.10518
2302.10970
2302.11566
2302.11769
2302.12231
2302.12237
2302.12249
2302.12562
2302.13177
2302.13207
2302.13519
2302.13543
2302.13636
2302.14554
2302.14683
2303.00050
2303.00298
2303.00542
2303.00744
2303.00749
2303.01736
2303.02460
2303.02979
2303.03808
2303.03966
2303.04027
2303.04086
2303.04322
2303.04413
2303.04508
2303.04805
2303.04869
2303.05703
2303.05807
2303.05835
2303.05915
2303.06138
2303.06357
2303.06907
2303.06919
2303.06942
2303.06988
2303.07418
2303.07596
2303.07634
2303.08096
2303.08370
2303.08695
2303.08747
2303.08808
2303.09095
2303.09375
2303.09412
2303.09431
2303.09523
2303.09952
2303.10083
2303.11052
2303.11215
2303.11287
2303.11364
2303.11444
2303.11565
2303.11599
2303.11728
2303.12408
2303.12564
2303.12573
2303.12786
2303.12791
2303.12809
2303.12965
2303.13071
2303.13232
2303.13582
2303.13743
2303.13777
2303.13825
2303.13855
2303.13900
2303.14066
2303.14435
2303.14479
2303.14536
2303.14707
2303.14806
2303.14993
2303.15047
2303.15065
2303.15108
2303.15206
2303.15377
2303.15387
2303.15880
2303.15951
2303.16184
2303.16196
2303.16333
2303.16479
2303.17094
2303.17368
2303.17583
2303.17606
2303.17968
2303.18246
2304.00359
2304.00548
2304.00640
2304.00916
2304.01197
2304.01436
2304.02001
2304.02296
2304.02626
2304.02713
2304.02736
2304.04106
2304.04133
2304.04515
2304.04897
2304.05097
2304.05104
2304.05218
2304.05620
2304.05623
2304.05821
2304.05947
2304.06287
2304.06714
2304.06717
2304.06969
2304.07056
2304.07159
2304.07915
2304.08963
2304.08971
2304.09677
2304.09938
2304.09987
2304.10406
2304.10448
2304.10479
2304.10532
2304.10537
2304.10950
2304.11112
2304.11113
2304.11241
2304.11448
2304.11521
2304.11619
2304.11835
2304.11842
2304.12051
2304.12294
2304.12455
2304.13386
2304.13590
2304.14070
2304.14401
2304.14471
2304.14811
2305.00041
2305.00375
2305.00936
2305.01190
2305.01611
2305.01643
2305.02103
2305.02242
2305.02310
2305.02462
2305.03043
2305.03049
2305.03542
2305.03625
2305.03627
2305.04296
2305.05196
2305.05594
2305.06356
2305.08854
2305.09623
2305.10503
2305.10882
2305.11031
2305.11122
2305.11588
2305.11856
2305.11870
2305.12208
2305.12232
2305.12381
2305.13353
2305.13456
2305.13509
2305.13608
2305.14236
2305.14312
2305.14467
2305.14831
2305.15171
2305.16411
2305.16832
2305.16914
2305.17125
2305.17398
2305.17858
2305.17929
2305.18079
2305.18209
2305.19065
2305.19170
2305.19201
2305.19682
2306.00402
2306.00547
2306.00548
2306.00783
2306.01083
2306.01194
2306.01531
2306.01936
2306.02288
2306.02903
2306.03000
2306.04947
2306.04988
2306.06044
2306.06359
2306.06388
2306.06406
2306.06842
2306.07579
2306.08138
2306.08730
2306.08793
2306.08990
2306.09329
2306.09864
2306.10006
2306.10350
2306.10439
2306.10461
2306.11734
2306.12031
2306.12698
2306.13960
2306.14432
2306.14490
2306.15561
2306.15682
2306.16472
2306.16541
2306.16615
2306.16718
2306.16928
2306.16940
2306.17723
2307.00314
2307.02997
2307.03273
2307.03404
2307.03980
2307.04187
2307.05000
2307.05313
2307.06277
2307.06335
2307.06720
2307.07125
2307.07985
2307.08093
2307.08489
2307.08558
2307.09070
2307.09153
2307.09555
2307.09562
2307.10173
2307.10206
2307.10609
2307.10776
2307.11418
2307.12103
2307.12291
2307.12309
2307.13689
2307.14620
2307.16114
2307.16177
2308.00924
2308.01531
2308.01541
2308.01613
2308.01854
2308.02225
2308.02751
2308.02782
2308.02840
2308.02963
2308.03280
2308.03643
2308.03682
2308.03772
2308.04079
2308.04413
2308.04535
2308.04826
2308.05032
2308.05925
2308.06076
2308.06387
2308.06510
2308.06853
2308.06945
2308.07032
2308.07139
2308.07903
2308.08154
2308.08258
2308.08511
2308.08530
2308.09386
2308.09624
2308.09894
2308.10122
2308.10123
2308.10146
2308.10631
2308.11130
2308.11198
2308.11793
2308.12452
2308.12761
2308.13174
2308.14078
2308.14152
2308.14177
2308.14737
2308.14816
2308.14847
2308.15049
2308.15378
2308.16041
2308.16576
2308.16766
2308.16894
2308.16906
2309.00014
2309.00121
2309.00594
2309.01656
2309.01811
2309.01855
2309.01984
2309.02091
2309.02254
2309.02777
2309.02807
2309.03185
2309.03933
2309.03955
2309.04750
2309.04902
2309.05028
2309.05490
2309.06441
2309.06802
2309.07376
2309.07668
2309.08927
2309.09215
2309.10336
2309.10684
2309.10816
2309.11009
2309.11421
2309.11627
2309.11767
2309.12027
2309.12183
2309.12805
2309.13039
2309.13101
2309.13470
2309.14293
2309.14304
2309.14668
2309.15273
2309.15329
2309.15526
2309.15625
2309.16185
2309.16375
2309.16553
2309.16561
2309.16653
2309.16677
2309.16808
2309.16869
2309.16912
2309.17128
2309.17162
2309.17390
2309.17450
2310.00017
2310.00249
2310.00529
2310.00559
2310.01067
2310.01404
2310.01410
2310.01772
2310.01821
2310.01939
2310.02687
2310.02714
2310.03015
2310.03375
2310.03952
2310.04152
2310.04409
2310.04662
2310.05054
2310.05483
2310.05512
2310.05524
2310.06275
2310.06577
2310.07179
2310.07449
2310.07995
2310.08065
2310.08084
2310.08355
2310.08528
2310.08585
2310.09276
2310.09458
2310.09755
2310.09776
2310.10123
2310.10433
2310.10642
2310.10992
2310.11014
2310.11109
2310.11392
2310.11448
2310.12877
2310.13030
2310.13336
2310.13374
2310.13670
2310.13876
2310.14237
2310.14487
2310.14718
2310.14781
2310.15098
2310.15126
2310.16383
2310.16717
2310.16831
2310.16832
2310.17776
2310.17778
2310.17880
2310.17994
2310.18173
2310.18676
2310.18999
2310.19337
2310.19441
2310.20057
2310.20249
2311.00082
2311.01065
2311.01716
2311.01773
2311.01842
2311.02121
2311.02441
2311.02549
2311.03140
2311.03784
2311.03867
2311.03986
2311.04521
2311.04766
2311.04773
2311.05187
2311.05289
2311.05521
2311.06059
2311.06066
2311.06307
2311.06455
2311.07301
2311.07955
2311.07981
2311.08284
2311.09221
2311.09543
2311.09646
2311.09806
2311.10091
2311.10812
2311.10959
2311.11221
2311.11252
2311.11592
2311.11614
2311.11646
2311.11647
2311.11825
2311.12153
2311.12311
2311.12345
2311.12490
2311.12775
2311.12897
2311.12956
2311.13168
2311.13385
2311.13398
2311.13539
2311.13574
2311.13655
2311.13681
2311.14521
2311.14757
2311.15171
2311.15260
2311.15291
2311.15855
2311.16037
2311.16043
2311.16096
2311.16149
2311.16200
2311.16462
2311.16473
2311.16482
2311.16484
2311.16493
2311.16495
2311.16499
2311.16504
2311.16685
2311.16945
2311.17057
2311.17061
2311.17089
2311.17113
2311.17123
2311.17129
2311.17245
2311.17496
2311.17515
2311.17590
2311.17754
2311.17910
2311.17917
2311.17977
2311.18159
2311.18311
2311.18491
2311.18561
2311.18836
2312.00112
2312.00206
2312.00283
2312.00451
2312.00583
2312.00732
2312.00778
2312.00846
2312.00870
2312.01003
2312.01352
2312.01407
2312.01531
2312.01632
2312.02015
2312.02069
2312.02121
2312.02135
2312.02155
2312.02209
2312.02214
2312.02218
2312.02232
2312.02255
2312.02350
2312.02755
2312.02902
2312.02963
2312.02973
2312.02981
2312.03160
2312.03203
2312.03420
2312.03431
2312.03461
2312.03704
2312.03763
2312.03794
2312.04143
2312.04337
2312.04369
2312.04465
2312.04548
2312.04553
2312.04558
2312.04564
2312.04565
2312.04651
2312.04654
2312.04768
2312.04784
2312.04820
2312.05097
2312.05283
2312.05295
2312.05311
2312.05572
2312.05664
2312.05804
2312.05855
2312.05941
2312.06575
2312.06642
2312.06657
2312.06704
2312.06719
2312.06741
2312.07246
2312.07389
2312.07504
2312.07560
2312.07695
2312.07920
2312.08060
2312.08118
2312.08323
2312.08760
2312.08892
2312.09005
2312.09031
2312.09076
2312.09095
2312.09228
2312.09313
2312.09527
2312.09743
2312.09750
2312.09780
2312.09824
2312.10034
2312.10649
2312.10921
2312.11458
2312.11461
2312.11470
2312.11568
2312.11841
2312.12096
2312.12337
2312.12470
2312.12494
2312.12801
2312.13150
2312.13299
2312.13308
2312.13449
2312.13471
2312.13528
2312.13729
2312.13832
2312.14239
2312.14664
2312.14915
2312.14937
2312.15059
2312.15219
2312.15258
2312.15288
2312.15363
2312.15676
2312.15711
2312.15856
2312.16065
2312.16084
2312.16256
2312.16457
2312.16842
2312.16987
2312.17142
2401.00616
2401.00711
2401.00825
2401.00834
2401.01173
2401.01339
2401.02171
2401.02436
2401.02588
2401.02620
2401.03078
2401.03108
2401.03257
2401.03890
2401.04406
2401.04728
2401.05168
2401.05583
2401.06003
2401.06014
2401.06159
2401.06503
2401.06614
2401.06762
2401.08045
2401.08056
2401.08140
2401.08742
2401.08852
2401.08864
2401.08937
2401.09720
2401.10215
2401.10530
2401.11582
2401.11711
2401.12175
2401.12306
2401.12451
2401.12537
2401.12592
2401.12642
2401.12900
2401.12979
2401.13352
2401.14007
2401.14661
2401.14726
2401.14756
2401.15318
2401.15348
2401.16416
2401.16810
2401.17600
2401.17857
2402.00525
2402.00763
2402.00827
2402.01153
2402.01217
2402.01271
2402.01380
2402.02906
2402.03307
2402.03445
2402.03723
2402.03786
2402.04171
2402.04554
2402.04796
2402.05532
2402.05773
2402.06149
2402.06245
2402.06390
2402.07181
2402.07310
2402.07916
2402.08934
2402.09325
2402.10128
2402.10259
2402.11909
2402.12377
2402.12522
2402.12677
2402.13252
2402.13255
2402.13827
2402.14415
2402.14586
2402.14608
2402.14654
2402.15971
2402.16366
2402.16407
2402.16599
2402.16607
2402.16825
2402.17364
2402.17427
2402.18196
2402.18233
2403.01058
2403.01325
2403.01693
2403.02063
2403.02265
2403.02736
2403.02887
2403.03896
2403.04116
2403.04508
2403.04926
2403.05055
2403.05087
2403.05154
2403.05907
2403.06092
2403.06205
2403.06324
2403.06394
2403.06421
2403.06505
2403.06908
2403.06912
2403.08321
2403.08498
2403.08551
2403.08915
2403.09025
2403.09326
2403.09413
2403.09577
2403.09637
2403.09827
2403.09948
2403.10147
2403.10166
2403.10840
2403.10906
2403.11111
2403.11131
2403.11134
2403.11324
2403.11364
2403.11447
2403.11453
2403.11573
2403.11589
2403.11812
2403.11831
2403.11865
2403.11909
2403.12028
2403.12154
2403.12198
2403.12365
2403.12440
2403.12682
2403.12722
2403.13327
2403.13337
2403.13806
2403.14053
2403.14244
2403.14412
2403.14530
2403.14781
2403.14939
2403.15265
2403.15272
2403.15530
2403.15704
2403.15932
2403.16080
2403.16095
2403.16258
2403.16885
2403.16964
2403.17537
2403.17708
2403.17822
2403.17888
2403.17898
2403.18328
2403.18476
2403.18499
2403.18784
2403.18820
2403.19319
2403.19495
2403.19607
2403.19632
2403.19780
2403.19920
2403.19985
2403.20034
2403.20079
2403.20153
2403.20159
2403.20275
2403.20309
2404.00409
2404.00524
2404.00674
2404.00923
2404.00992
2404.01053
2404.01133
2404.01168
2404.01225
2404.01241
2404.01296
2404.01723
2404.01790
2404.01810
2404.02185
2404.02742
2404.03126
2404.03613
2404.03654
2404.04140
2404.04211
2404.04579
2404.04687
2404.04880
2404.04913
2404.05220
2404.05606
2404.06109
2404.06128
2404.06152
2404.06180
2404.06246
2404.06270
2404.06710
2404.06832
2404.07474
2404.07788
2404.07933
2404.07950
2404.07991
2404.08252
2404.08449
2404.08544
2404.08966
2404.09003
2404.09412
2404.09426
2404.10182
2404.10318
2404.10441
2404.10484
2404.10625
2404.10772
2404.10777
2404.11285
2404.11299
2404.11302
2404.11358
2404.11401
2404.11846
2404.11897
2404.12064
2404.12089
2404.12379
2404.12547
2404.12777
2404.12888
2404.13437
2404.13541
2404.13679
2404.13816
2404.13862
2404.13896
2404.14037
2404.14199
2404.14409
2404.14410
2404.14847
2404.15259
2404.15264
2404.15276
2404.15383
2404.15580
2404.16012
2404.16042
2404.16323
2404.16429
2404.16544
2404.17979
2404.18394
2404.18439
2404.18454
2404.18458
2404.18539
2404.18929
2404.19015
2404.19026
2404.19038
2404.19040
2404.19110
2404.19149
2404.19265
2404.19398
2404.19525
2404.19706
2405.00620
2405.00676
2405.00900
2405.01060
2405.01558
2405.01699
2405.02005
2405.02911
2405.03377
2405.03417
2405.03659
2405.03844
2405.04345
2405.04489
2405.04717
2405.04997
2405.05446
2405.05663
2405.05749
2405.05768
2405.05800
2405.06241
2405.06408
2405.06547
2405.07178
2405.07472
2405.08417
2405.09334
2405.09544
2405.09717
2405.09777
2405.09844
2405.10104
2405.10471
2405.10518
2405.10716
2405.11021
2405.11129
2405.11270
2405.11859
2405.11921
2405.12069
2405.12110
2405.12218
2405.12346
2405.12369
2405.12477
2405.12799
2405.12806
2405.12979
2405.13694
2405.13779
2405.13943
2405.14240
2405.14452
2405.14475
2405.14815
2405.14847
2405.14855
2405.14866
2405.14871
2405.15118
2405.15125
2405.15183
2405.15196
2405.15394
2405.15477
2405.15518
2405.15519
2405.16204
2405.16570
2405.16795
2405.16817
2405.16822
2405.16829
2405.16909
2405.17083
2405.17351
2405.17421
2405.17705
2405.17793
2405.17811
2405.17872
2405.17891
2405.17958
2405.18033
2405.18078
2405.18213
2405.18784
2405.18863
2405.19609
2405.19657
2405.19671
2405.19712
2405.19876
2405.19957
2405.20201
2405.20224
2405.20310
2405.20323
2405.20693
2405.20721
2405.20791
2405.20997
2406.00420
2406.00434
2406.00440
2406.00448
2406.00474
2406.00598
2406.00609
2406.00637
2406.00885
2406.00996
2406.01042
2406.01467
2406.01579
2406.01593
2406.01597
2406.01917
2406.02062
2406.02407
2406.02541
2406.02720
2406.02895
2406.03697
2406.03723
2406.04101
2406.04149
2406.04251
2406.04253
2406.04254
2406.04343
2406.04576
2406.04960
2406.04961
2406.05412
2406.05774
2406.05833
2406.05852
2406.05915
2406.06028
2406.06050
2406.06216
2406.06521
2406.06526
2406.06527
2406.06721
2406.07163
2406.07329
2406.07499
2406.07516
2406.07828
2406.08300
2406.08488
2406.08759
2406.08822
2406.08894
2406.08920
2406.08943
2406.09395
2406.09731
2406.09774
2406.09801
2406.10078
2406.10111
2406.10219
2406.10324
2406.10373
2406.10520
2406.11259
2406.12080
2406.12095
2406.12285
2406.12459
2406.13048
2406.13099
2406.13896
2406.14220
2406.14360
2406.14585
2406.14806
2406.14978
2406.15456
2406.15643
2406.16073
2406.16289
2406.16622
2406.16623
2406.16850
2406.17074
2406.17345
2406.18198
2406.18214
2406.18544
2406.18717
2406.19031
2406.19070
2406.19247
2406.20066
2407.00316
2407.00500
2407.00669
2407.01016
2407.01029
2407.01761
2407.01767
2407.01894
2407.02165
2407.02598
2407.02668
2407.02918
2407.02945
2407.03204
2407.03205
2407.04345
2407.04504
2407.04545
2407.04651
2407.05023
2407.05059
2407.05201
2407.05254
2407.05324
2407.05586
2407.05597
2407.05687
2407.05909
2407.06150
2407.06397
2407.06613
2407.06861
2407.07220
2407.07284
2407.07532
2407.08137
2407.08165
2407.08414
2407.08447
2407.09026
2407.09386
2407.09510
2407.09675
2407.09896
2407.10062
2407.10267
2407.10325
2407.10482
2407.10707
2407.10754
2407.11309
2407.11343
2407.11347
2407.11394
2407.11743
2407.11921
2407.11962
2407.12306
2407.12395
2407.12520
2407.12538
2407.12661
2407.12667
2407.12777
2407.13038
2407.13102
2407.13179
2407.13185
2407.13520
2407.13764
2407.14053
2407.14178
2407.14197
2407.14927
2407.15070
2407.15212
2407.15435
2407.15484
2407.15848
2407.16503
2407.16600
2407.16875
2407.17049
2407.17470
2407.17738
2407.18555
2407.19184
2407.19542
2407.19696
2407.19988
2407.20213
2407.20699
2407.20868
2407.20908
2407.21047
2407.21666
2407.21686
2408.00254
2408.00297
2408.00599
2408.00762
2408.00860
2408.00967
2408.01202
2408.01404
2408.01812
2408.02772
2408.02840
2408.03060
2408.03193
2408.03356
2408.03753
2408.04224
2408.04268
2408.04426
2408.04474
2408.04586
2408.04803
2408.04831
2408.05008
2408.05099
2408.05350
2408.05533
2408.05635
2408.06019
2408.06190
2408.06286
2408.06356
2408.06543
2408.06592
2408.06975
2408.07005
2408.07416
2408.07595
2408.07672
2408.07836
2408.08206
2408.08524
2408.08645
2408.08723
2408.08766
2408.09052
2408.09130
2408.09347
2408.09663
2408.09665
2408.10041
2408.10258
2408.10543
2408.10588
2408.10739
2408.10831
2408.11085
2408.11357
2408.11413
2408.11697
2408.12282
2408.13036
2408.13370
2408.13674
2408.13714
2408.13766
2408.13770
2408.13912
2408.13922
2408.13972
2408.13995
2408.14211
2408.14400
2408.14724
2408.15235
2408.15242
2408.15695
2408.15708
2408.15816
2408.16342
2408.16355
2408.16544
2408.16690
2408.16760
2408.16866
2408.16982
2408.17025
2409.00028
2409.00381
2409.00510
2409.00736
2409.00749
2409.01289
2409.01526
2409.01661
2409.01876
2409.02851
2409.02917
2409.03143
2409.03213
2409.04196
2409.04236
2409.04323
2409.04565
2409.04812
2409.05310
2409.05334
2409.05490
2409.05617
2409.05868
2409.06240
2409.06259
2409.06407
2409.06535
2409.06685
2409.06765
2409.07200
2409.07452
2409.07555
2409.07759
2409.08042
2409.08070
2409.08278
2409.08353
2409.08562
2409.08577
2409.08613
2409.08725
2409.08945
2409.09424
2409.09756
2409.10041
2409.10141
2409.10272
2409.11049
2409.11211
2409.11356
2409.11951
2409.12156
2409.12617
2409.12771
2409.12774
2409.12954
2409.13648
2409.13859
2409.14019
2409.14067
2409.14316
2409.14778
2409.14827
2409.15132
2409.15176
2409.15689
2409.15715
2409.15959
2409.16147
2409.16296
2409.16502
2409.16504
2409.16685
2409.16763
2409.16766
2409.17280
2409.17345
2409.17459
2409.17522
2409.18057
2409.18364
2409.18852
2409.19039
2409.19228
2409.19439
2409.19702
2409.20039
2410.00386
2410.00469
2410.00630
2410.00672
2410.00769
2410.00806
2410.01202
2410.01226
2410.01404
2410.01425
2410.01535
2410.01614
2410.01647
2410.01804
2410.01835
2410.02003
2410.02103
2410.02571
2410.02619
2410.02764
2410.03556
2410.04354
2410.04402
2410.04873
2410.04889
2410.04974
2410.05097
2410.05111
2410.05468
2410.05717
2410.05772
2410.06245
2410.06475
2410.06711
2410.06756
2410.06854
2410.07160
2410.07266
2410.07421
2410.07707
2410.07714
2410.07971
2410.07975
2410.08017
2410.08082
2410.08107
2410.08188
2410.08743
2410.08840
2410.08941
2410.09690
2410.09862
2410.10412
2410.11080
2410.11285
2410.11394
2410.11419
2410.11477
2410.11505
2410.11741
2410.12080
2410.12242
2410.13193
2410.13349
2410.13571
2410.13607
2410.13613
2410.13663
2410.13862
2410.14083
2410.14169
2410.14177
2410.14189
2410.14261
2410.14283
2410.14540
2410.14799
2410.15392
2410.15425
2410.15629
2410.15783
2410.15846
2410.16266
2410.16271
2410.16395
2410.16503
2410.16995
2410.17239
2410.17242
2410.17262
2410.17422
2410.17505
2410.17741
2410.17814
2410.17839
2410.17932
2410.18355
2410.18822
2410.19058
2410.19347
2410.19459
2410.19483
2410.19762
2410.20220
2410.20306
2410.20593
2410.20686
2410.20789
2410.20815
2410.21310
2410.21566
2410.21911
2410.21955
2410.22070
2410.22128
2410.22817
2410.23213
2410.23369
2410.23522
2410.23670
2410.23718
2410.24144
2410.24204
2410.24207
2410.24223
2411.00144
2411.00169
2411.00771
2411.01218
2411.01512
2411.01797
2411.01853
2411.02229
2411.02479
2411.02762
2411.03086
2411.03475
2411.03564
2411.03637
2411.04249
2411.04610
2411.04724
2411.04810
2411.04844
2411.04924
2411.04937
2411.05321
2411.05322
2411.06019
2411.06067
2411.06365
2411.06390
2411.06602
2411.06976
2411.07579
2411.07649
2411.08128
2411.08279
2411.08453
2411.08508
2411.08642
2411.08879
2411.09101
2411.09156
2411.09209
2411.09749
2411.09952
2411.10033
2411.10133
2411.10504
2411.10546
2411.10865
2411.10947
2411.11199
2411.11363
2411.11903
2411.11921
2411.11941
2411.12440
2411.12463
2411.12471
2411.12510
2411.12592
2411.12788
2411.12981
2411.13026
2411.13209
2411.13620
2411.13631
2411.14501
2411.14514
2411.14847
2411.14974
2411.15248
2411.15468
2411.15482
2411.15490
2411.15497
2411.15582
2411.15723
2411.15732
2411.15779
2411.15966
2411.16172
2411.16180
2411.16392
2411.16443
2411.16758
2411.16768
2411.16816
2411.16877
2411.16898
2411.17044
2411.18066
2411.18068
2411.18072
2411.18197
2411.18473
2411.18613
2411.18624
2411.18675
2411.18966
2411.19233
2411.19271
2411.19445
2411.19454
2411.19525
2411.19588
2411.19756
2411.19942
2412.00157
2412.00333
2412.00477
2412.00518
2412.00575
2412.00578
2412.00845
2412.00851
2412.00905
2412.01402
2412.01553
2412.01717
2412.01718
2412.01792
2412.02225
2412.02421
2412.02493
2412.02589
2412.02684
2412.02803
2412.03011
2412.03077
2412.03103
2412.03263
2412.03378
2412.03428
2412.03473
2412.03526
2412.03844
2412.03910
2412.04433
2412.04457
2412.04459
2412.04469
2412.04826
2412.04880
2412.04955
2412.05256
2412.05322
2412.05394
2412.05546
2412.05570
2412.05574
2412.05700
2412.05837
2412.06250
2412.06299
2412.06424
2412.06767
2412.06974
2412.07293
2412.07494
2412.07608
2412.07739
2412.07944
2412.08029
2412.08315
2412.09043
2412.09545
2412.09606
2412.09608
2412.09680
2412.09739
2412.09982
2412.10051
2412.10209
2412.10231
2412.10433
2412.10456
2412.10972
2412.11067
2412.11362
2412.11379
2412.11579
2412.11586
2412.11599
2412.11688
2412.11762
2412.12096
2412.12562
2412.12565
2412.12613
2412.12734
2412.12772
2412.12849
2412.12906
2412.13047
2412.13183
2412.13454
2412.13547
2412.13983
2412.14005
2412.14379
2412.14547
2412.14579
2412.14647
2412.14702
2412.15400
2412.15447
2412.15539
2412.15550
2412.16108
2412.16358
2412.16619
2412.16809
2412.17532
2412.17574
2412.17612
2412.17628
2412.17812
2412.18380
2412.18816
2412.19130
2412.19149
2412.19282
2412.19370
2412.19483
2412.19518
2412.19607
2412.20522
2412.20693
2412.20720
2412.20767
2412.20927
2501.00342
2501.00851
2501.01003
2501.01420
2501.01677
2501.01695
2501.01717
2501.01895
2501.02690
2501.02771
2501.02913
2501.03158
2501.03399
2501.03605
2501.03659
2501.04074
2501.04628
2501.05173
2501.05242
2501.05717
2501.05783
2501.05880
2501.06102
2501.06431
2501.06488
2501.06651
2501.06660
2501.06897
2501.06903
2501.06927
2501.07015
2501.07104
2501.07478
2501.07800
2501.08072
2501.08286
2501.08370
2501.09297
2501.09921
2501.09978
2501.10198
2501.10283
2501.10351
2501.10687
2501.10788
2501.11029
2501.11102
2501.11508
2501.11999
2501.12060
2501.12087
2501.12255
2501.12637
2501.13335
2501.13402
2501.13558
2501.13971
2501.13975
2501.14646
2501.14726
2501.15008
2501.15099
2501.15389
2501.16312
2501.17636
2501.17978
2501.18630
2501.19319
2502.00173
2502.00435
2502.00654
2502.01045
2502.01552
2502.01832
2502.02171
2502.02283
2502.02338
2502.02372
2502.02468
2502.04072
2502.04843
2502.05176
2502.05222
2502.05401
2502.06288
2502.06519
2502.06957
2502.07007
2502.07030
2502.07413
2502.07615
2502.07869
2502.08297
2502.08352
2502.09039
2502.09111
2502.09617
2502.10492
2502.10827
2502.10988
2502.11642
2502.11801
2502.12080
2502.12151
2502.13023
2502.13103
2502.13196
2502.13968
2502.14004
2502.14129
2502.14178
2502.14684
2502.14895
2502.15259
2502.15633
2502.15635
2502.16434
2502.16575
2502.16680
2502.16941
2502.17656
2502.17883
2502.19318
2502.19441
2502.19457
2502.19739
2502.19782
2502.19800
2502.20220
2502.20378
2502.20669
2503.00047
2503.00068
2503.00260
2503.00357
2503.00625
2503.00848
2503.00881
2503.01199
2503.01448
2503.01610
2503.01715
2503.01774
2503.02009
2503.02230
2503.02452
2503.02510
2503.03115
2503.03714
2503.03890
2503.04513
2503.04860
2503.05082
2503.05162
2503.05182
2503.05196
2503.05511
2503.06081
2503.06089
2503.06118
2503.06161
2503.06235
2503.06462
2503.06587
2503.06677
2503.06686
2503.06740
2503.06744
2503.06762
2503.07476
2503.07828
2503.08071
2503.08093
2503.08165
2503.08166
2503.08218
2503.08224
2503.08511
2503.08700
2503.09040
2503.09187
2503.09293
2503.09332
2503.09342
2503.09396
2503.09464
2503.09557
2503.09631
2503.10143
2503.10148
2503.10170
2503.10259
2503.10464
2503.10604
2503.10625
2503.10860
2503.11172
2503.11591
2503.11649
2503.11652
2503.11731
2503.12001
2503.12052
2503.12086
2503.12165
2503.12242
2503.12246
2503.12252
2503.12307
2503.12335
2503.12382
2503.12535
2503.12552
2503.12751
2503.12836
2503.12862
2503.12947
2503.13176
2503.13347
2503.13710
2503.13948
2503.14031
2503.14154
2503.14171
2503.14198
2503.14219
2503.14274
2503.14475
2503.14698
2503.14736
2503.15070
2503.15653
2503.15667
2503.15671
2503.15835
2503.15851
2503.15908
2503.15996
2503.16059
2503.16338
2503.16422
2503.16710
2503.16776
2503.16918
2503.16924
2503.16964
2503.16979
2503.17467
2503.17486
2503.17491
2503.17804
2503.17982
2503.18073
2503.18108
2503.18341
2503.18361
2503.18421
2503.18429
2503.18458
2503.18513
2503.18527
2503.18682
2503.18725
2503.18794
2503.19175
2503.19207
2503.19232
2503.19307
2503.19332
2503.19416
2503.19753
2503.20066
2503.20168
2503.20199
2503.20221
2503.20308
2503.20998
2503.21226
2503.21364
2503.21438
2503.21442
2503.21712
2503.21816
2503.21886
2503.22159
2503.22218
2503.22225
2503.22251
2503.22324
2503.22605
2503.22728
2503.22909
2503.23162
2503.23200
2503.23337
2503.23719
2503.23800
2503.24210
2503.24326
2503.24374
2503.24382
2504.00159
2504.00219
2504.00665
2504.00763
2504.00773
2504.00859
2504.01503
2504.01559
2504.01647
2504.01732
2504.01844
2504.01960
2504.01989
2504.02302
2504.02471
2504.02969
2504.03415
2504.03536
2504.03886
2504.04271
2504.04294
2504.04448
2504.04597
2504.04612
2504.04679
2504.04844
2504.05265
2504.05433
2504.05517
2504.05803
2504.05806
2504.05888
2504.06210
2504.06301
2504.06330
2504.06501
2504.06598
2504.06815
2504.06920
2504.06978
2504.07744
2504.07836
2504.07949
2504.08473
2504.09048
2504.09097
2504.09377
2504.09491
2504.09528
2504.09529
2504.09878
2504.10012
2504.10331
2504.10486
2504.11003
2504.11953
2504.12905
2504.12999
2504.13167
2504.13191
2504.13207
2504.13339
2504.13378
2504.13518
2504.13713
2504.14373
2504.14460
2504.14471
2504.14548
2504.14699
2504.15122
2504.15165
2504.15179
2504.15281
2504.15554
2504.15776
2504.16103
2504.16247
2504.16557
2504.16606
2504.17655
2504.17695
2504.17728
2504.17815
2504.17954
2504.18318
2504.18468
2504.18768
2504.19165
2504.19261
2504.19557
2504.19742
2504.19819
2504.20378
2504.20379
2504.20466
2504.20607
2504.20645
2504.20670
2504.20829
2504.20892
2504.21067
2504.21650
2505.00122
2505.00421
2505.00497
2505.00737
2505.00942
2505.01799
2505.01838
2505.01869
2505.01928
2505.01938
2505.02175
2505.02221
2505.03334
2505.03351
2505.03603
2505.04659
2505.04668
2505.05475
2505.05587
2505.05643
2505.05672
2505.06575
2505.06582
2505.06894
2505.07373
2505.07396
2505.07539
2505.07984
2505.08196
2505.08438
2505.08777
2505.09324
2505.09406
2505.09915
2505.10049
2505.10144
2505.10473
2505.10737
2505.10787
2505.11114
2505.11146
2505.11386
2505.11467
2505.12431
2505.12875
2505.13215
2505.13316
2505.13440
2505.13542
2505.13839
2505.14540
2505.15058
2505.15077
2505.15737
2505.16397
2505.16533
2505.16535
2505.17001
2505.17338
2505.17590
2505.18306
2505.18649
2505.18988
2505.19138
2505.19175
2505.19221
2505.19256
2505.19264
2505.19793
2505.19813
2505.19854
2505.19883
2505.20059
2505.20126
2505.20582
2505.20655
2505.20967
2505.21238
2505.21335
2505.21502
2505.21637
2505.21890
2505.22126
2505.22279
2505.22344
2505.22400
2505.22482
2505.22908
2505.23158
2505.23193
2505.23280
2505.23301
2505.23692
2505.23716
2505.23734
2505.24002
2505.24877
2506.01802
2506.01822
2506.01933
2506.02380
2506.02751
2506.02794
2506.02875
2506.02926
2506.03099
2506.03118
2506.03119
2506.03872
2506.03985
2506.04174
2506.04351
2506.04606
2506.04789
2506.04908
2506.05011
2506.05280
2506.05327
2506.05348
2506.05480
2506.05558
2506.05563
2506.05655
2506.05935
2506.05965
2506.06462
2506.06645
2506.06857
2506.06890
2506.06909
2506.07069
2506.07080
2506.07338
2506.07670
2506.07697
2506.07885
2506.08015
2506.08064
2506.08253
2506.08704
2506.09378
2506.09479
2506.09802
2506.09836
2506.09885
2506.09997
2506.10335
2506.10602
2506.10958
2506.11252
2506.11407
2506.12269
2506.12400
2506.12716
2506.12727
2506.12787
2506.12793
2506.12945
2506.13348
2506.13664
2506.13766
2506.14229
2506.14381
2506.14542
2506.14642
2506.14742
2506.14856
2506.15242
2506.16262
2506.17636
2506.18601
2506.18792
2506.18866
2506.18890
2506.19261
2506.19291
2506.19415
2506.19615
2506.19844
2506.20688
2506.20875
2506.20998
2506.21009
2506.21152
2506.21420
2506.21629
2506.21632
2506.21780
2506.21884
2506.21925
2506.22099
2506.22280
2506.22799
2506.22902
2506.23042
2506.23153
2506.23157
2506.23611
2507.00969
2507.01110
2507.02363
2507.02674
2507.02803
2507.02900
2507.03737
2507.03821
2507.03886
2507.03990
2507.04147
2507.04374
2507.04408
2507.04915
2507.04929
2507.05763
2507.05859
2507.06060
2507.06103
2507.06109
2507.06269
2507.06646
2507.06797
2507.07465
2507.07519
2507.07733
2507.08136
2507.08137
2507.08253
2507.08254
2507.08434
2507.09230
2507.09896
2507.10542
2507.10867
2507.12095
2507.12137
2507.12621
2507.12667
2507.12994
2507.13359
2507.13648
2507.13917
2507.14333
2507.14432
2507.14454
2507.14501
2507.14534
2507.14798
2507.15269
2507.15454
2507.15602
2507.15629
2507.15979
2507.16144
2507.16406
2507.17029
2507.17336
2507.17351
2507.18023
2507.18155
2507.18231
2507.18371
2507.18649
2507.18713
2507.18758
2507.19141
2507.19328
2507.19459
2507.19474
2507.20200
2507.20438
2507.20976
2507.23162
2507.23272
2507.23343
2507.23374
2507.23683
2507.23704
2507.23778
2508.00152
2508.00440
2508.01171
2508.01218
2508.01633
2508.01697
2508.02129
2508.02140
2508.03017
2508.03643
2508.04099
2508.04224
2508.04297
2508.04326
2508.04467
2508.04505
2508.04929
2508.04965
2508.04966
2508.04968
2508.05064
2508.05187
2508.05343
2508.06014
2508.06136
2508.06169
2508.06632
2508.06768
2508.07038
2508.07409
2508.07483
2508.07557
2508.07804
2508.07897
2508.08048
2508.08219
2508.08248
2508.08798
2508.08849
2508.08867
2508.08928
2508.09068
2508.09239
2508.09626
2508.09814
2508.09912
2508.09973
2508.09977
2508.10104
2508.10227
2508.10464
2508.10507
2508.11854
2508.12108
2508.12163
2508.12415
2508.12720
2508.13043
2508.13537
2508.13808
2508.14037
2508.14041
2508.14237
2508.14563
2508.14717
2508.14956
2508.15372
2508.15376
2508.15457
2508.15500
2508.16401
2508.16535
2508.17440
2508.17480
2508.17645
2508.17811
2508.18389
2508.18540
2508.18971
2508.19243
2508.19688
2508.19786
2508.20080
2508.20466
2508.20526
2508.20623
2508.20741
2508.20965
2508.21161
2509.00370
2509.00403
2509.00800
2509.00911
2509.01165
2509.01258
2509.01469
2509.01681
2509.01964
2509.02141
2509.02244
2509.02466
2509.02928
2509.04170
2509.04379
2509.05075
2509.05555
2509.06367
2509.06400
2509.06607
2509.07021
2509.07126
2509.07493
2509.07809
2509.08101
2509.08947
2509.09235
2509.09595
2509.09792
2509.09894
2509.10241
2509.10759
2509.11003
2509.11116
2509.11275
2509.11411
2509.11624
2509.11853
2509.12938
2509.13013
2509.13482
2509.13938
2509.14739
2509.15123
2509.15181
2509.15548
2509.15677
2509.15892
2509.16806
2509.16863
2509.16922
2509.17078
2509.17083
2509.17246
2509.17506
2509.17513
2509.17748
2509.17762
2509.17789
2509.17864
2509.17951
2509.18373
2509.18497
2509.18566
2509.18759
2509.18924
2509.18956
2509.19073
2509.19259
2509.19297
2509.19642
2509.19898
2509.20128
2509.20251
2509.20400
2509.21853
2509.23258
2509.23402
2509.23492
2509.23555
2509.23888
2509.23947
2509.24209
2509.24308
2509.24325
2509.24758
2509.24893
2509.25001
2509.25075
2509.25122
2509.25191
2509.26621
2510.00950
2510.01119
2510.01176
2510.01619
2510.01991
2510.02314
2510.02469
2510.02673
2510.02691
2510.03104
2510.03248
2510.03857
2510.03858
2510.03874
2510.05488
2510.06694
2510.06802
2510.06926
2510.07723
2510.07944
2510.08491
2510.08566
2510.08587
2510.08799
2510.09489
2510.09531
2510.09586
2510.09880
2510.09881
2510.10030
2510.10097
2510.10257
2510.10492
2510.10691
2510.10797
2510.11387
2510.11473
2510.11649
2510.11650
2510.12099
2510.12265
2510.12308
2510.12768
2510.13381
2510.14179
2510.14270
2510.14705
2510.15072
2510.15386
2510.16258
2510.16463
2510.17095
2510.17181
2510.18101
2510.18269
2510.18446
2510.18489
2510.18739
2510.19200
2510.19210
2510.19255
2510.19371
2510.19653
2510.20027
2510.22140
2510.22207
2510.22473
2510.22577
2510.22582
2510.23009
2510.23087
2510.23205
2510.23930
2510.24335
2510.24734
2510.26117
2510.26358
2510.26414
2510.27133
2510.27318
2511.00560
2511.00681
2511.02207
2511.02489
2511.02510
2511.03004
2511.03099
2511.03175
2511.03583
2511.03589
2511.03860
2511.04283
2511.04334
2511.04595
2511.04797
2511.04951
2511.05109
2511.05152
2511.05229
2511.06046
2511.06299
2511.06408
2511.06456
2511.06457
2511.06632
2511.06810
2511.06830
2511.06841
2511.06953
2511.07122
2511.07241
2511.07552
2511.07743
2511.07940
2511.08032
2511.08155
2511.08294
2511.09397
2511.09440
2511.09827
2511.09891
2511.10174
2511.11048
2511.11175
2511.11231
2511.11276
2511.11890
2511.12304
2511.12440
2511.12935
2511.13009
2511.13011
2511.13264
2511.13571
2511.13988
2511.14149
2511.14208
2511.14315
2511.14357
2511.14540
2511.14633
2511.14848
2511.14927
2511.15102
2511.16030
2511.16091
2511.16112
2511.16542
2511.16661
2511.16673
2511.16831
2511.17192
2511.17322
2511.17747
2511.17932
2511.18367
2511.18441
2511.18600
2511.18632
2511.18873
2511.19109
2511.19189
2511.19326
2511.19542
2511.19854
2511.20065
2511.20157
2511.20245
2511.20804
2511.21265
2511.21367
2511.22228
2511.22553
2511.22639
2511.22812
2511.22939
2511.22997
2511.23030
2511.23044
2512.00255
2512.00413
2512.00677
2512.00877
2512.00887
2512.01296
2512.01329
2512.01444
2512.02172
2512.02492
2512.02664
2512.02932
2512.03210
2512.03422
2512.03601
2512.04021
2512.04076
2512.04313
2512.04315
2512.04542
2512.04677
2512.04815
2512.04901
2512.05016
2512.05042
2512.05113
2512.05127
2512.05259
2512.05446
2512.05991
2512.06065
2512.06158
2512.06179
2512.06209
2512.06269
2512.06368
2512.06438
2512.06684
2512.06818
2512.07165
2512.07192
2512.07197
2512.07379
2512.07381
2512.07480
2512.08215
2512.08334
2512.08478
2512.09162
2512.09270
2512.09327
2512.09335
2512.09375
2512.09401
2512.09489
2512.09696
2512.09923
2512.09925
2512.10031
2512.10293
2512.10369
2512.10424
2512.10939
2512.11186
2512.11267
2512.11356
2512.11423
2512.11800
2512.12401
2512.12625
2512.12683
2512.12701
2512.12898
2512.13796
2512.14087
2512.14180
2512.14200
2512.14352
2512.14406
2512.15111
2512.15262
2512.15508
2512.15599
2512.15711
2512.15719
2512.15967
2512.16397
2512.16706
2512.16893
2512.17331
2512.17492
2512.17546
2512.17547
2512.17879
2512.18237
2512.18318
2512.18692
2512.19168
2512.19412
2512.19648
2512.20129
2512.20464
2512.20858
2512.20943
2512.21054
2512.21769
2512.22065
2512.22463
2512.22706
2512.22882
2512.23379
2512.23554
2512.23709
2512.23983
2512.24018
2512.24742
2512.24763
2512.25048
2601.00207
2601.00285
2601.00328
2601.00630
2601.00796
2601.00939
2601.01038
2601.01221
2601.01222
2601.01847
2601.02046
2601.02098
2601.02103
2601.02747
2601.03357
2601.03507
2601.03517
2601.04348
2601.04860
2601.04964
2601.05250
2601.05368
2601.05584
2601.05738
2601.05853
2601.06285
2601.07518
2601.07540
2601.07976
2601.08020
2601.08832
2601.08906
2601.09022
2601.10200
2601.10606
2601.11045
2601.11405
2601.11635
2601.12076
2601.12736
2601.12770
2601.12808
2601.12814
2601.12823
2601.13132
2601.13148
2601.14161
2601.14510
2601.14766
2601.14821
2601.15475
2601.15951
2601.16736
2601.17350
2601.17835
2601.18263
2601.18475
2601.18633
2601.19216
2601.19753
2601.19901
2601.20066
2601.20376
2601.20835
2601.20857
2601.21269
2601.22026
2601.22045
2601.22244
2601.22808
2602.00148
2602.00186
2602.00671
2602.00995
2602.01057
2602.01352
2602.01586
2602.01748
2602.02074
2602.02989
2602.03064
2602.03327
2602.03538
2602.03796
2602.04317
2602.04330
2602.04549
2602.05190
2602.05213
2602.05423
2602.05572
2602.05822
2602.06122
2602.06343
2602.06452
2602.07029
2602.07449
2602.08724
2602.08775
2602.08909
2602.08958
2602.08975
2602.09519
2602.09531
2602.09736
2602.09816
2602.09868
2602.09999
2602.10239
2602.11154
2602.11575
2602.12758
2602.13444
2602.13549
2602.13714
2602.13806
2602.13837
2602.13909
2602.14199
2602.14493
2602.15181
2602.15775
2602.16337
2602.16349
2602.16713
2602.17473
2602.17624
2602.18322
2602.18329
2602.19048
2602.19350
2602.19443
2602.19916
2602.20160
2602.20342
2602.20556
2602.20718
2602.20807
2602.21645
2602.21656
2602.21668
2602.22011
2602.22376
2602.22565
2602.22596
2602.22731
2602.23031
2602.23040
2602.23559
2602.23574
2602.23951
2602.24017
2602.24096
2602.24148
2602.24290
2603.00492
2603.00697
2603.00952
2603.00990
2603.01099
2603.01491
2603.01603
2603.02134
2603.02149
2603.02446
2603.02548
2603.02801
2603.02866
2603.02893
2603.02985
2603.02986
2603.03342
2603.03812
2603.04770
2603.04847
2603.05152
2603.05882
2603.05932
2603.06860
2603.06989
2603.07552
2603.07587
2603.07604
2603.07664
2603.08133
2603.08254
2603.08313
2603.08499
2603.08532
2603.08674
2603.08997
2603.09261
2603.09277
2603.09291
2603.09553
2603.09632
2603.09673
2603.09833
2603.09968
2603.11298
2603.11543
2603.11804
2603.11840
2603.12551
2603.12647
2603.12766
2603.12903
2603.13368
2603.13699
2603.13783
2603.14301
2603.14684
2603.14763
2603.14772
2603.14965
2603.15222
2603.15318
2603.15368
2603.15433
2603.15603
2603.15622
2603.15811
2603.15836
2603.16103
2603.16211
2603.16858
2603.17131
2603.17164
2603.17173
2603.17355
2603.17716
2603.17779
2603.17975
2603.18218
2603.18402
2603.19496
2603.19552
2603.19682
2603.19834
2603.20128
2603.20428
2603.20574
2603.20611
2603.20697
2603.20714
2603.20721
2603.20857
2603.21304
2603.21332
2603.21695
2603.22012
2603.22786
2603.22893
2603.23285
2603.23297
2603.23324
2603.24036
2603.24078
2603.24716
2603.24994
2603.25042
2603.25050
2603.25053
2603.25058
2603.25129
2603.25260
2603.25265
2603.25684
2603.25745
2603.26183
2603.26362
2603.26763
2603.27193
2603.27948
2603.28020
2603.28126
2603.28431
2603.29014
2603.29185
2603.29296
2603.29394
2603.29734
2604.00321
2604.00509
2604.00538
2604.00928
2604.01204
2604.01447
2604.01678
2604.01884
2604.02120
2604.02586
2604.02696
2604.02799
2604.02828
2604.02883
2604.02915
2604.02941
2604.03885
2604.04016
2604.04063
2604.04576
2604.04667
2604.04737
2604.04787
2604.05366
2604.05638
2604.05687
2604.06358
2604.06671
2604.07337
2604.07619
2604.08370
2604.08405
2604.08518
2604.09145
2604.09324
2604.09835
2604.09877
2604.09903
2604.10259
2604.10512
2604.10546
2604.11098
2604.11181
2604.11211
2604.11685
2604.12251
2604.12272
2604.12626
2604.12778
2604.12923
2604.13153
2604.13171
2604.13340
2604.13416
2604.13589
2604.13746
2604.14706
2604.14782
2604.14928
2604.15284
2604.15328
2604.15670
2604.15848
2604.15853
2604.15875
2604.15941
2604.16237
2604.16629
2604.16747
2604.16910
2604.16947
2604.18205
2604.18342
2604.18807
2604.18866
2604.19127
2604.19133
2604.19673
2604.20046
2604.20245
2604.20248
2604.20543
2604.21349
2604.21631
2604.22129
2604.22339
2604.22841
2604.23551
2604.23692
2604.23803
2604.24053
2604.24146
2604.25330
2604.25466
2604.25945
2604.26262
2604.26567
2604.26799
2604.26908
2604.26920
2604.27422
2604.27437
2604.27871
2604.28016
2605.00052
2605.00408
2605.00448
2605.00498
2605.00569
2605.01187
2605.01234
2605.02086
2605.02088
2605.02512
2605.02784
2605.03337
2605.03996
2605.04297
2605.04435
2605.04509
2605.04844
2605.04953
2605.05747
2605.05876
2605.07192
2605.07254
2605.07287
2605.07346
2605.07457
2605.07781
2605.08050
2605.08787
2605.09050
2605.09279
2605.09312
2605.09418
2605.09688
2605.09802
2605.09956
2605.10307
2605.10360
2605.11427
2605.11498
2605.11918
2605.12144
2605.12399
2605.12437
2605.12498
2605.12919
2605.13093
2605.13465
2605.13541
2605.13591
2605.14135
2605.14269
2605.14468
2605.14629
2605.14880
2605.15010
2605.15497
2605.15558
2605.15760
2605.16022
2605.16381
2605.16408
2605.17002
2605.17014
2605.17200
2605.17252
2605.18006
2605.18102
2605.18252
2605.18263
2605.19360
2605.19605
2605.19873
2605.20513
2605.22000
2605.23295
2605.23672
2605.23724
2605.24250
2605.24639
2605.24959
2605.25220
2605.25331
2605.25345
2605.25563
2605.25751
2605.25909
2605.26370
2605.30498
2605.30863
2606.00452
2606.00967
2606.01032
2606.01315
2606.02068
2606.02346
2606.02573
2606.02935
2606.03120
2606.03877
2606.05011
2606.05650
2606.07648
2606.07821
2606.09034
2606.10550
2606.10656
2606.11782
2606.13080
2606.13454
2606.13557
2606.13655
2606.14173
2606.15382
2606.15659
2606.15848
2606.15967
2606.16261
2606.17212
2606.18492
2606.20531
2606.20951
2606.21279
2606.22574
2606.22648
2606.22905
2606.25427
2606.26159
2606.27864
2606.28820
2606.28828
2606.29976
2606.31839
2606.31981
2607.00885
2607.01202
2607.01370
2607.01578
2607.01654
2607.03869
2607.03875
2607.04243
2607.04341
2607.04761
2607.05243
2607.08250
2607.09078
2607.09125
2607.12785
2607.13646
2607.13860
2607.14990
2607.15852
2607.16624
2607.17479
2607.19100
2607.19652
2607.19731
2607.21448
2607.22205
2607.23023
2607.23285
2607.24403
2607.26554
2607.26595
2607.29633
2608.00702
2608.01588
2608.01958
2608.03107
2608.03279
2608.04090
2608.04701
2608.04722
2608.05218
2608.05597
2608.07937
2608.08874
2608.09458
2608.09618
2608.10002
2608.10345
2608.11422
2608.11645
2608.11738
2608.11745
2608.11861
2608.12105
